Fibonacci number::
1) 1
2) 1
3) 2
4) 3
5) 5
6) 8
7) 13
8) 21
9) 34
10) 55
11) 89
12) 144
13) 233
14) 377
15) 610
16) 987
17) 1597
18) 2584
19) 4181
20) 6765
21) 10946
22) 17711
23) 28657
24) 46368
25) 75025
26) 121393
27) 196418
28) 317811
29) 514229
30) 832040
Fibonacci number::
      1      1      2      3      5
      8     13     21     34     55
     89    144    233    377    610
    987   1597   2584   4181   6765
  10946  17711  28657  46368  75025
 121393 196418 317811 514229 832040
Simple number::
1) 2
2) 3
3) 5
4) 7
5) 11
6) 13
7) 17
8) 19
9) 23
10) 29
Simple number::
  2  3  5
  7 11 13
 17 19 23
 29Mersen number::
1) 1
2) 3
3) 7
4) 15
5) 31
6) 63
7) 127
8) 255
9) 511
10) 1023
11) 2047
12) 4095
13) 8191
14) 16383
15) 32767
16) 65535
17) 131071
18) 262143
19) 524287
20) 1048575
21) 2097151
22) 4194303
23) 8388607
24) 16777215
25) 33554431
26) 67108863
27) 134217727
28) 268435455
29) 536870911
Mersen number::
         1         3         7        15        31
        63       127       255       511      1023
      2047      4095      8191     16383     32767
     65535    131071    262143    524287   1048575
   2097151   4194303   8388607  16777215  33554431
  67108863 134217727 268435455 536870911